README.txt
Name: Dhruv Purushottam
UNI: dp2631
HW#2: COMS 4705

      Type       Total   Precision      Recall     F1 Score
===============================================================
         .         370     1.000        1.000        1.000
       ADJ         164     0.827        0.555        0.664
      ADJP          29     0.333        0.241        0.280
  ADJP+ADJ          22     0.542        0.591        0.565
       ADP         204     0.955        0.946        0.951
       ADV          64     0.688        0.516        0.589
      ADVP          30     0.273        0.100        0.146
  ADVP+ADV          53     0.756        0.642        0.694
      CONJ          53     1.000        1.000        1.000
       DET         167     0.988        0.976        0.982
      NOUN         671     0.749        0.842        0.793
        NP         884     0.632        0.529        0.576
    NP+ADJ           2     0.286        1.000        0.444
    NP+DET          21     0.783        0.857        0.818
   NP+NOUN         131     0.641        0.573        0.605
    NP+NUM          13     0.214        0.231        0.222
   NP+PRON          50     0.980        0.980        0.980
     NP+QP          11     0.500        0.091        0.154
       NUM          93     0.983        0.613        0.755
        PP         208     0.593        0.630        0.611
      PRON          14     1.000        0.929        0.963
       PRT          45     0.957        0.978        0.967
   PRT+PRT           2     0.333        1.000        0.500
        QP          26     0.688        0.423        0.524
         S         587     0.624        0.782        0.694
      SBAR          25     0.091        0.040        0.056
      VERB         283     0.683        0.799        0.736
        VP         399     0.553        0.589        0.570
   VP+VERB          15     0.250        0.267        0.258

     total        4664     0.713        0.713        0.713
